0,0
1,3
2,6
3,6
4,8
5,9
6,11
7,14
8,16
9,18
10,19
11,22
12,25
13,25
14,27
15,28
16,30
17,33
18,33
19,33
20,34
21,37
22,40
23,42
24,42
25,43
26,45
27,46
28,50
29,50
30,50
31,52
32,54
33,54
34,56
35,56
36,59
37,61
38,63
39,65
40,66
41,68
42,71
43,75
44,77
45,78
46,80
47,83
48,83
49,84
50,85
51,88
52,91
53,93
54,95
55,96
56,99
57,101
58,102
59,104
60,105
61,108
62,108
63,108
64,110
65,111
66,111
67,113
68,115
69,115
70,116
71,119
72,121
73,121
74,121
75,122
76,125
77,128
78,132
79,132
80,133
81,136
82,138
83,138
84,138
85,138
86,140
87,142
88,146
89,146
90,147
91,149
92,151
93,153
94,153
95,154
96,157
97,160
98,160
99,160
100,161
101,164
102,167
103,171
104,173
105,174
106,177
107,180
108,180
109,180
110,181
111,184
112,186
113,188
114,190
115,190
116,190
117,193
118,195
119,195
120,196
121,199
122,202
123,202
124,202
125,203
126,205
127,208
128,208
129,208
130,209
131,211
132,214
133,216
134,216
135,217
136,220
137,223
138,225
139,225
140,225
141,227
142,230
143,230
144,232
145,233
146,236
147,236
148,238
149,238
150,239
151,242
152,245
153,245
154,247
155,248
156,251
157,254
158,258
159,258
160,259
161,262
162,265
163,269
164,269
165,270
166,273
167,276
168,276
169,278
170,279
171,282
172,285
173,285
174,285
175,286
176,289
177,289
178,292
179,294
180,295
181,298
182,301
183,301
184,301
185,302
186,305
187,308
188,308
189,310
190,310
191,313
192,316
193,318
194,318
195,319
196,321
197,323
198,327
199,329
200,330
201,332
202,335
203,339
204,339
205,340
206,343
207,346
208,348
209,348
210,349
211,351
212,354
213,354
214,354
215,355
216,358
217,361
218,363
219,363
220,364
221,367
222,370
223,372
224,374
225,375
226,378
227,381
228,385
229,387
230,388
231,391
232,394
233,394
234,396
235,397
236,399
237,401
238,405
239,407
240,407
241,407
242,410
243,412
244,414
245,415
246,418
247,420
248,422
249,422
250,423
251,425
252,426
253,428
254,430
255,431
256,432
257,434
258,436
259,438
260,438
261,441
262,441
263,441
264,442
265,443
266,444
267,446
268,450
269,452
270,453
271,455
272,456
273,458
274,458
275,459
276,462
277,465
278,467
279,467
280,468
281,471
282,474
283,476
284,476
285,477
286,480
287,483
288,485
289,487
290,488
291,491
292,494
293,494
294,494
295,495
296,496
297,498
298,500
299,502
300,502
301,502
302,505
303,509
304,509
305,509
306,512
307,515
308,515
309,515
310,515
311,518
312,521
313,525
314,525
315,526
316,526
317,529
318,529
319,531
320,532
321,535
322,538
323,538
324,538
325,539
326,542
327,545
328,547
329,547
330,548
331,551
332,551
333,551
334,553
335,554
336,557
337,559
338,561
339,561
340,562
341,564
342,567
343,571
344,573
345,574
346,576
347,577
348,579
349,581
350,582
351,585
352,588
353,588
354,590
355,591
356,594
357,597
358,597
359,597
360,597
361,599
362,601
363,603
364,603
365,604
366,606
367,609
368,609
369,610
370,611
371,614
372,616
373,616
374,616
375,617
376,619
377,622
378,626
379,626
380,627
381,630
382,632
383,632
384,632
385,633
386,636
387,639
388,639
389,641
390,642
391,645
392,645
393,648
394,648
395,649
396,651
397,654
398,656
399,656
400,657
401,660
402,662
403,664
404,664
405,665
406,668
407,668
408,672
409,672
410,673
411,676
412,679
413,679
414,679
415,680
416,683
417,686
418,688
419,690
420,691
421,694
422,696
423,697
424,698
425,699
426,702
427,704
428,705
429,706
430,707
431,709
432,712
433,712
434,713
435,714
436,716
437,718
438,722
439,724
440,725
441,728
442,731
443,731
444,731
445,732
446,735
447,737
448,739
449,739
450,740
451,743
452,745
453,749
454,749
455,750
456,752
457,753
458,755
459,755
460,756
461,759
462,761
463,763
464,765
465,766
466,769
467,772
468,772
469,772
470,772
471,775
472,775
473,775
474,776
475,777
476,780
477,780
478,783
479,785
480,785
481,785
482,787
483,789
484,791
485,792
486,794
487,796
488,798
489,798
490,798
491,800
492,803
493,803
494,805
495,806
496,809
497,811
498,811
499,811
500,811
501,813
502,814
503,818
504,818
505,819
506,822
507,825
508,827
509,827
510,828
511,831
512,834
513,836
514,836
515,837
516,840
517,843
518,845
519,845
520,846
521,849
522,852
523,854
524,856
525,857
526,857
527,860
528,860
529,860
530,861
531,864
532,866
533,870
534,870
535,870
536,870
537,873
538,873
539,873
540,874
541,877
542,879
543,881
544,881
545,882
546,885
547,888
548,888
549,890
550,891
551,894
552,896
553,896
554,896
555,896
556,898
557,900
558,902
559,902
560,903
561,905
562,907
563,907
564,909
565,910
566,913
567,916
568,916
569,916
570,917
571,920
572,922
573,924
574,924
575,925
576,927
577,930
578,930
579,932
580,933
581,936
582,939
583,943
584,945
585,945
586,945
587,945
588,948
589,950
590,951
591,954
592,957
593,959
594,961
595,962
596,965
597,967
598,969
599,969
600,970
601,972
602,974
603,975
604,975
605,975
606,977
607,980
608,980
609,980
610,981
611,983
612,986
613,990
614,990
615,991
616,993
617,996
618,996
619,996
620,997
621,1000
622,1003
623,1003
624,1003
625,1004
626,1007
627,1007
628,1010
629,1012
630,1013
631,1016
632,1018
633,1019
634,1021
635,1022
636,1025
637,1028
638,1032
639,1034
640,1035
641,1038
642,1040
643,1042
644,1042
645,1043
646,1046
647,1048
648,1048
649,1048
650,1049
651,1052
652,1054
653,1054
654,1054
655,1055
656,1058
657,1060
658,1062
659,1062
660,1063
661,1066
662,1069
663,1071
664,1073
665,1074
666,1077
667,1079
668,1083
669,1083
670,1084
671,1086
672,1089
673,1089
674,1089
675,1089
676,1092
677,1094
678,1096
679,1096
680,1097
681,1099
682,1100
683,1103
684,1105
685,1106
686,1108
687,1109
688,1111
689,1113
690,1114
691,1117
692,1120
693,1124
694,1126
695,1127
696,1130
697,1133
698,1135
699,1137
700,1138
701,1138
702,1141
703,1143
704,1143
705,1143
706,1145
707,1146
708,1150
709,1152
710,1153
711,1156
712,1156
713,1160
714,1162
715,1163
716,1165
717,1168
718,1168
719,1168
720,1169
721,1171
722,1172
723,1174
724,1174
725,1174
726,1177
727,1177
728,1181
729,1181
730,1182
731,1185
732,1187
733,1189
734,1189
735,1190
736,1193
737,1196
738,1198
739,1200
740,1200
741,1200
742,1203
743,1207
744,1209
745,1210
746,1212
747,1213
748,1216
749,1216
750,1217
751,1220
752,1223
753,1225
754,1227
755,1228
756,1228
757,1231
758,1233
759,1235
760,1236
761,1239
762,1241
763,1241
764,1242
765,1242
766,1243
767,1245
768,1246
769,1246
770,1246
771,1249
772,1252
773,1252
774,1252
775,1252
776,1254
777,1256
778,1258
779,1258
780,1259
781,1262
782,1264
783,1266
784,1268
785,1269
786,1271
787,1274
788,1274
789,1274
790,1274
791,1276
792,1277
793,1278
794,1278
795,1279
796,1281
797,1283
798,1285
799,1287
800,1287
801,1290
802,1290
803,1293
804,1293
805,1293
806,1293
807,1296
808,1296
809,1296
810,1297
811,1299
812,1302
813,1302
814,1302
815,1303
816,1306
817,1309
818,1309
819,1309
820,1310
821,1312
822,1313
823,1316
824,1316
825,1317
826,1320
827,1323
828,1325
829,1327
830,1328
831,1330
832,1331
833,1333
834,1333
835,1334
836,1337
837,1340
838,1340
839,1340
840,1341
841,1344
842,1347
843,1347
844,1347
845,1347
846,1349
847,1350
848,1352
849,1352
850,1353
851,1356
852,1359
853,1361
854,1361
855,1361
856,1363
857,1366
858,1366
859,1368
860,1369
861,1372
862,1372
863,1372
864,1374
865,1374
866,1376
867,1377
868,1377
869,1379
870,1380
871,1382
872,1383
873,1386
874,1388
875,1388
876,1388
877,1391
878,1391
879,1391
880,1392
881,1395
882,1397
883,1397
884,1397
885,1398
886,1401
887,1404
888,1404
889,1404
890,1405
891,1408
892,1411
893,1411
894,1411
895,1412
896,1414
897,1417
898,1417
899,1417
900,1418
901,1421
902,1423
903,1425
904,1425
905,1425
906,1427
907,1428
908,1430
909,1430
910,1431
911,1433
912,1436
913,1436
914,1436
915,1437
916,1439
917,1441
918,1445
919,1445
920,1446
921,1449
922,1451
923,1451
924,1453
925,1454
926,1457
927,1459
928,1461
929,1461
930,1462
931,1465
932,1468
933,1472
934,1472
935,1473
936,1476
937,1478
938,1480
939,1482
940,1483
941,1486
942,1486
943,1489
944,1489
945,1489
946,1492
947,1492
948,1495
949,1495
950,1495
951,1498
952,1501
953,1505
954,1505
955,1505
956,1505
957,1508
958,1508
959,1508
960,1509
961,1511
962,1514
963,1516
964,1518
965,1519
966,1521
967,1522
968,1522
969,1523
970,1524
971,1526
972,1529
973,1531
974,1533
975,1534
976,1534
977,1537
978,1539
979,1541
980,1542
981,1545
982,1548
983,1552
984,1552
985,1553
986,1555
987,1558
988,1562
989,1564
990,1565
991,1568
992,1570
993,1572
994,1574
995,1575
996,1578
997,1581
998,1581
999,1581
1000,1582
1001,1585
1002,1585
1003,1587
1004,1589
1005,1590
1006,1593
1007,1596
1008,1598
1009,1598
1010,1599
1011,1602
1012,1605
1013,1607
1014,1607
1015,1608
1016,1611
1017,1614
1018,1618
1019,1618
1020,1618
1021,1621
1022,1624
1023,1628
1024,1628
1025,1629
1026,1631
1027,1633
1028,1635
1029,1637
1030,1638
1031,1641
1032,1644
1033,1646
1034,1648
1035,1649
1036,1651
1037,1654
1038,1654
1039,1656
1040,1657
1041,1657
1042,1657
1043,1659
1044,1661
1045,1661
1046,1661
1047,1664
1048,1666
1049,1668
1050,1669
1051,1672
1052,1674
1053,1678
1054,1678
1055,1679
1056,1682
1057,1685
1058,1685
1059,1685
1060,1686
1061,1688
1062,1691
1063,1693
1064,1695
1065,1696
1066,1699
1067,1702
1068,1706
1069,1706
1070,1707
1071,1709
1072,1711
1073,1712
1074,1714
1075,1714
1076,1715
1077,1717
1078,1719
1079,1721
1080,1722
1081,1725
1082,1727
1083,1729
1084,1729
1085,1730
1086,1732
1087,1733
1088,1735
1089,1737
1090,1738
1091,1741
1092,1744
1093,1746
1094,1748
1095,1749
1096,1752
1097,1755
1098,1757
1099,1757
1100,1758
1101,1761
1102,1763
1103,1764
1104,1766
1105,1767
1106,1770
1107,1773
1108,1773
1109,1773
1110,1773
1111,1775
1112,1776
1113,1778
1114,1778
1115,1778
1116,1781
1117,1784
1118,1784
1119,1786
1120,1787
1121,1790
1122,1792
1123,1792
1124,1792
1125,1793
1126,1795
1127,1798
1128,1798
1129,1798
1130,1799
1131,1802
1132,1805
1133,1807
1134,1807
1135,1808
1136,1811
1137,1814
1138,1816
1139,1816
1140,1817
1141,1817
1142,1820
1143,1822
1144,1822
1145,1823
1146,1825
1147,1826
1148,1829
1149,1829
1150,1829
1151,1830
1152,1832
1153,1834
1154,1836
1155,1837
1156,1840
1157,1843
1158,1847
1159,1847
1160,1848
1161,1850
1162,1851
1163,1854
1164,1854
1165,1855
1166,1858
1167,1861
1168,1861
1169,1861
1170,1862
1171,1865
1172,1868
1173,1868
1174,1870
1175,1871
1176,1874
1177,1874
1178,1877
1179,1877
1180,1877
1181,1880
1182,1883
1183,1883
1184,1885
1185,1886
1186,1889
1187,1891
1188,1891
1189,1891
1190,1892
1191,1895
1192,1897
1193,1897
1194,1898
1195,1898
1196,1899
1197,1901
1198,1902
1199,1902
1200,1902
1201,1904
1202,1907
1203,1907
1204,1907
1205,1908
1206,1911
1207,1914
1208,1916
1209,1918
1210,1919
1211,1922
1212,1924
1213,1924
1214,1926
1215,1927
1216,1930
1217,1933
1218,1935
1219,1937
1220,1938
1221,1941
1222,1941
1223,1943
1224,1943
1225,1944
1226,1947
1227,1950
1228,1950
1229,1952
1230,1953
1231,1955
1232,1958
1233,1960
1234,1960
1235,1961
1236,1964
1237,1967
1238,1969
1239,1969
1240,1970
1241,1972
1242,1974
1243,1974
1244,1974
1245,1975
1246,1978
1247,1981
1248,1985
1249,1985
1250,1986
1251,1989
1252,1992
1253,1996
1254,1996
1255,1997
1256,2000
1257,2003
1258,2003
1259,2003
1260,2004
1261,2007
1262,2009
1263,2011
1264,2013
1265,2013
1266,2013
1267,2014
1268,2014
1269,2016
1270,2017
1271,2019
1272,2022
1273,2022
1274,2022
1275,2023
1276,2025
1277,2028
1278,2032
1279,2032
1280,2033
1281,2036
1282,2036
1283,2036
1284,2038
1285,2038
1286,2041
1287,2043
1288,2043
1289,2045
1290,2046
1291,2049
1292,2052
1293,2052
1294,2052
1295,2052
1296,2054
1297,2056
1298,2057
1299,2057
1300,2058
1301,2061
1302,2064
1303,2066
1304,2068
1305,2069
1306,2072
1307,2074
1308,2076
1309,2076
1310,2077
1311,2080
1312,2080
1313,2082
1314,2084
1315,2085
1316,2087
1317,2089
1318,2091
1319,2091
1320,2092
1321,2095
1322,2095
1323,2097
1324,2099
1325,2100
1326,2103
1327,2106
1328,2108
1329,2110
1330,2111
1331,2114
1332,2117
1333,2119
1334,2121
1335,2122
1336,2124
1337,2125
1338,2127
1339,2127
1340,2128
1341,2131
1342,2134
1343,2136
1344,2136
1345,2136
1346,2138
1347,2139
1348,2142
1349,2142
1350,2142
1351,2143
1352,2145
1353,2145
1354,2145
1355,2146
1356,2149
1357,2151
1358,2151
1359,2151
1360,2152
1361,2154
1362,2155
1363,2157
1364,2159
1365,2160
1366,2163
1367,2165
1368,2167
1369,2169
1370,2170
1371,2172
1372,2175
1373,2175
1374,2176
1375,2177
1376,2179
1377,2182
1378,2182
1379,2183
1380,2184
1381,2187
1382,2189
1383,2189
1384,2191
1385,2191
1386,2194
1387,2194
1388,2194
1389,2195
1390,2196
1391,2196
1392,2199
1393,2199
1394,2201
1395,2202
1396,2204
1397,2206
1398,2208
1399,2208
1400,2208
1401,2210
1402,2212
1403,2213
1404,2213
1405,2214
1406,2217
1407,2217
1408,2219
1409,2221
1410,2221
1411,2224
1412,2227
1413,2231
1414,2231
1415,2232
1416,2235
1417,2238
1418,2238
1419,2240
1420,2241
1421,2244
1422,2246
1423,2250
1424,2250
1425,2251
1426,2254
1427,2257
1428,2257
1429,2257
1430,2258
1431,2261
1432,2264
1433,2266
1434,2266
1435,2267
1436,2270
1437,2273
1438,2277
1439,2277
1440,2277
1441,2277
1442,2280
1443,2282
1444,2284
1445,2285
1446,2288
1447,2288
1448,2291
1449,2291
1450,2291
1451,2293
1452,2296
1453,2298
1454,2300
1455,2301
1456,2303
1457,2306
1458,2306
1459,2308
1460,2309
1461,2312
1462,2315
1463,2317
1464,2319
1465,2320
1466,2322
1467,2325
1468,2325
1469,2327
1470,2328
1471,2331
1472,2334
1473,2336
1474,2338
1475,2339
1476,2342
1477,2344
1478,2344
1479,2346
1480,2347
1481,2350
1482,2353
1483,2357
1484,2359
1485,2360
1486,2363
1487,2366
1488,2366
1489,2366
1490,2367
1491,2370
1492,2372
1493,2372
1494,2372
1495,2372
1496,2374
1497,2377
1498,2379
1499,2381
1500,2382
1501,2385
1502,2387
1503,2389
1504,2389
1505,2390
1506,2392
1507,2393
1508,2396
1509,2396
1510,2397
1511,2399
1512,2400
1513,2402
1514,2402
1515,2402
1516,2404
1517,2406
1518,2406
1519,2406
1520,2407
1521,2409
1522,2412
1523,2416
1524,2418
1525,2419
1526,2421
1527,2422
1528,2424
1529,2424
1530,2425
1531,2428
1532,2431
1533,2435
1534,2435
1535,2436
1536,2439
1537,2441
1538,2443
1539,2445
1540,2445
1541,2447
1542,2450
1543,2450
1544,2450
1545,2450
1546,2453
1547,2453
1548,2456
1549,2456
1550,2456
1551,2459
1552,2462
1553,2466
1554,2466
1555,2466
1556,2466
1557,2469
1558,2469
1559,2469
1560,2470
1561,2472
1562,2475
1563,2477
1564,2477
1565,2478
1566,2481
1567,2484
1568,2484
1569,2484
1570,2485
1571,2487
1572,2489
1573,2491
1574,2491
1575,2492
1576,2495
1577,2498
1578,2498
1579,2498
1580,2499
1581,2501
1582,2502
1583,2504
1584,2506
1585,2507
1586,2510
1587,2513
1588,2517
1589,2517
1590,2517
1591,2519
1592,2522
1593,2526
1594,2526
1595,2527
1596,2530
1597,2532
1598,2534
1599,2534
1600,2535
1601,2538
1602,2540
1603,2540
1604,2540
1605,2541
1606,2544
1607,2546
1608,2546
1609,2546
1610,2547
1611,2549
1612,2552
1613,2556
1614,2558
1615,2558
1616,2558
1617,2558
1618,2558
1619,2559
1620,2560
1621,2562
1622,2565
1623,2565
1624,2566
1625,2567
1626,2570
1627,2573
1628,2577
1629,2577
1630,2577
1631,2577
1632,2580
1633,2584
1634,2586
1635,2587
1636,2590
1637,2592
1638,2593
1639,2595
1640,2595
1641,2597
1642,2600
1643,2602
1644,2604
1645,2605
1646,2608
1647,2608
1648,2608
1649,2608
1650,2608
1651,2611
1652,2611
1653,2614
1654,2614
1655,2615
1656,2618
1657,2620
1658,2624
1659,2626
1660,2627
1661,2630
1662,2630
1663,2632
1664,2632
1665,2633
1666,2635
1667,2638
1668,2638
1669,2640
1670,2641
1671,2641
1672,2644
1673,2646
1674,2646
1675,2647
1676,2650
1677,2653
1678,2653
1679,2655
1680,2656
1681,2659
1682,2661
1683,2661
1684,2661
1685,2662
1686,2664
1687,2666
1688,2668
1689,2668
1690,2669
1691,2671
1692,2674
1693,2674
1694,2676
1695,2677
1696,2680
1697,2683
1698,2685
1699,2685
1700,2686
1701,2689
1702,2691
1703,2693
1704,2695
1705,2696
1706,2698
1707,2701
1708,2703
1709,2703
1710,2703
1711,2703
1712,2706
1713,2708
1714,2708
1715,2709
1716,2712
1717,2714
1718,2714
1719,2716
1720,2717
1721,2720
1722,2723
1723,2723
1724,2723
1725,2723
1726,2725
1727,2728
1728,2730
1729,2730
1730,2731
1731,2733
1732,2734
1733,2736
1734,2736
1735,2736
1736,2738
1737,2740
1738,2742
1739,2744
1740,2745
1741,2748
1742,2750
1743,2754
1744,2754
1745,2754
1746,2754
1747,2757
1748,2761
1749,2761
1750,2761
1751,2764
1752,2767
1753,2767
1754,2767
1755,2767
1756,2769
1757,2771
1758,2773
1759,2773
1760,2774
1761,2777
1762,2779
1763,2780
1764,2781
1765,2781
1766,2784
1767,2787
1768,2789
1769,2789
1770,2790
1771,2793
1772,2796
1773,2796
1774,2796
1775,2797
1776,2800
1777,2800
1778,2801
1779,2801
1780,2801
1781,2804
1782,2804
1783,2806
1784,2806
1785,2807
1786,2810
1787,2810
1788,2813
1789,2813
1790,2814
1791,2817
1792,2819
1793,2819
1794,2821
1795,2821
1796,2824
1797,2826
1798,2830
1799,2830
1800,2831
1801,2831
1802,2834
1803,2835
1804,2836
1805,2837
1806,2840
1807,2842
1808,2846
1809,2846
1810,2846
1811,2846
1812,2849
1813,2849
1814,2850
1815,2851
1816,2853
1817,2854
1818,2857
1819,2857
1820,2857
1821,2859
1822,2861
1823,2861
1824,2861
1825,2862
1826,2865
1827,2868
1828,2868
1829,2868
1830,2869
1831,2872
1832,2875
1833,2877
1834,2879
1835,2880
1836,2882
1837,2885
1838,2889
1839,2889
1840,2890
1841,2892
1842,2895
1843,2895
1844,2897
1845,2898
1846,2901
1847,2904
1848,2904
1849,2904
1850,2905
1851,2907
1852,2910
1853,2910
1854,2911
1855,2911
1856,2913
1857,2916
1858,2916
1859,2916
1860,2917
1861,2920
1862,2922
1863,2924
1864,2924
1865,2924
1866,2926
1867,2928
1868,2930
1869,2930
1870,2931
1871,2934
1872,2934
1873,2935
1874,2937
1875,2938
1876,2940
1877,2942
1878,2942
1879,2942
1880,2943
1881,2946
1882,2948
1883,2950
1884,2952
1885,2953
1886,2955
1887,2956
1888,2958
1889,2958
1890,2959
1891,2962
1892,2962
1893,2965
1894,2965
1895,2965
1896,2967
1897,2967
1898,2967
1899,2969
1900,2970
1901,2973
1902,2976
1903,2976
1904,2976
1905,2977
1906,2980
1907,2983
1908,2985
1909,2987
1910,2988
1911,2991
1912,2993
1913,2993
1914,2993
1915,2994
1916,2997
1917,3000
1918,3000
1919,3000
1920,3000
1921,3001
1922,3003
1923,3004
1924,3006
1925,3006
1926,3007
1927,3009
1928,3010
1929,3010
1930,3011
1931,3014
1932,3014
1933,3016
1934,3016
1935,3017
1936,3019
1937,3022
1938,3024
1939,3024
1940,3024
1941,3026
1942,3028
1943,3032
1944,3034
1945,3035
1946,3038
1947,3040
1948,3040
1949,3040
1950,3041
1951,3044
1952,3044
1953,3046
1954,3046
1955,3047
1956,3049
1957,3052
1958,3056
1959,3056
1960,3057
1961,3060
1962,3060
1963,3062
1964,3062
1965,3063
1966,3065
1967,3068
1968,3070
1969,3070
1970,3071
1971,3073
1972,3075
1973,3075
1974,3075
1975,3076
1976,3077
1977,3079
1978,3080
1979,3080
1980,3081
1981,3084
1982,3087
1983,3087
1984,3089
1985,3090
1986,3093
1987,3096
1988,3096
1989,3096
1990,3097
1991,3098
1992,3100
1993,3102
1994,3102
1995,3103
1996,3106
1997,3108
1998,3108
1999,3110
2000,3111
2001,3114
2002,3117
2003,3117
2004,3119
2005,3120
2006,3123
2007,3125
2008,3129
2009,3129
2010,3129
2011,3129
2012,3132
2013,3132
2014,3134
2015,3134
2016,3136
2017,3138
2018,3142
2019,3142
2020,3143
2021,3146
2022,3148
2023,3150
2024,3150
2025,3151
2026,3154
2027,3156
2028,3158
2029,3158
2030,3159
2031,3161
2032,3163
2033,3163
2034,3163
2035,3164
2036,3167
2037,3170
2038,3174
2039,3174
2040,3174
2041,3176
2042,3179
2043,3179
2044,3179
2045,3179
2046,3181
2047,3184
2048,3186
2049,3186
2050,3186
2051,3188
2052,3190
2053,3192
2054,3192
2055,3193
2056,3196
2057,3198
2058,3199
2059,3201
2060,3202
2061,3205
2062,3207
2063,3209
2064,3211
2065,3212
2066,3215
2067,3218
2068,3222
2069,3222
2070,3222
2071,3222
2072,3225
2073,3225
2074,3225
2075,3226
2076,3229
2077,3232
2078,3232
2079,3232
2080,3232
2081,3234
2082,3235
2083,3238
2084,3238
2085,3239
2086,3242
2087,3245
2088,3247
2089,3249
2090,3250
2091,3253
2092,3256
2093,3258
2094,3260
2095,3261
2096,3263
2097,3266
2098,3266
2099,3268
2100,3269
2101,3271
2102,3274
2103,3276
2104,3276
2105,3277
2106,3279
2107,3280
2108,3282
2109,3284
2110,3285
2111,3288
2112,3290
2113,3290
2114,3290
2115,3291
2116,3294
2117,3297
2118,3297
2119,3299
2120,3300
2121,3303
2122,3305
2123,3307
2124,3307
2125,3308
2126,3310
2127,3311
2128,3313
2129,3313
2130,3314
2131,3315
2132,3317
2133,3319
2134,3319
2135,3320
2136,3323
2137,3326
2138,3326
2139,3326
2140,3327
2141,3330
2142,3333
2143,3333
2144,3333
2145,3334
2146,3336
2147,3338
2148,3342
2149,3344
2150,3345
2151,3348
2152,3351
2153,3351
2154,3351
2155,3352
2156,3355
2157,3357
2158,3359
2159,3359
2160,3360
2161,3363
2162,3365
2163,3369
2164,3369
2165,3370
2166,3372
2167,3373
2168,3375
2169,3375
2170,3376
2171,3379
2172,3381
2173,3383
2174,3385
2175,3386
2176,3389
2177,3392
2178,3392
2179,3392
2180,3392
2181,3395
2182,3395
2183,3395
2184,3396
2185,3397
2186,3400
2187,3400
2188,3403
2189,3405
2190,3405
2191,3405
2192,3407
2193,3409
2194,3411
2195,3412
2196,3414
2197,3416
2198,3418
2199,3418
2200,3418
2201,3420
2202,3423
2203,3423
2204,3425
2205,3426
2206,3429
2207,3431
2208,3431
2209,3431
2210,3431
2211,3433
2212,3434
2213,3438
2214,3438
2215,3439
2216,3442
2217,3445
2218,3447
2219,3447
2220,3448
2221,3451
2222,3454
2223,3456
2224,3456
2225,3457
2226,3460
2227,3463
2228,3465
2229,3465
2230,3466
2231,3469
2232,3472
2233,3474
2234,3476
2235,3477
2236,3477
2237,3480
2238,3480
2239,3480
2240,3481
2241,3484
2242,3486
2243,3490
2244,3490
2245,3490
2246,3490
2247,3493
2248,3493
2249,3493
2250,3494
2251,3497
2252,3499
2253,3501
2254,3501
2255,3502
2256,3505
2257,3508
2258,3508
2259,3510
2260,3511
2261,3514
2262,3516
2263,3516
2264,3516
2265,3516
2266,3518
2267,3520
2268,3522
2269,3522
2270,3523
2271,3525
2272,3527
2273,3527
2274,3529
2275,3530
2276,3533
2277,3536
2278,3536
2279,3536
2280,3537
2281,3540
2282,3542
2283,3544
2284,3544
2285,3545
2286,3547
2287,3550
2288,3550
2289,3552
2290,3553
2291,3556
2292,3559
2293,3563
2294,3565
2295,3565
2296,3565
2297,3565
2298,3568
2299,3570
2300,3571
2301,3574
2302,3577
2303,3579
2304,3581
2305,3582
2306,3585
2307,3587
2308,3589
2309,3589
2310,3590
2311,3592
2312,3594
2313,3595
2314,3595
2315,3595
2316,3597
2317,3600
2318,3600
2319,3600
2320,3601
2321,3603
2322,3606
2323,3610
2324,3610
2325,3611
2326,3613
2327,3616
2328,3616
2329,3616
2330,3617
2331,3620
2332,3623
2333,3623
2334,3623
2335,3624
2336,3627
2337,3627
2338,3630
2339,3632
2340,3633
2341,3636
2342,3638
2343,3639
2344,3641
2345,3642
2346,3645
2347,3648
2348,3652
2349,3654
2350,3655
2351,3658
2352,3660
2353,3662
2354,3662
2355,3663
2356,3666
2357,3668
2358,3668
2359,3668
2360,3669
2361,3672
2362,3674
2363,3674
2364,3674
2365,3675
2366,3678
2367,3680
2368,3682
2369,3682
2370,3683
2371,3686
2372,3689
2373,3691
2374,3693
2375,3694
2376,3697
2377,3699
2378,3703
2379,3703
2380,3704
2381,3706
2382,3709
2383,3709
2384,3709
2385,3709
2386,3712
2387,3714
2388,3716
2389,3716
2390,3717
2391,3719
2392,3720
2393,3723
2394,3725
2395,3726
2396,3728
2397,3729
2398,3731
2399,3733
2400,3734
2401,3737
2402,3740
2403,3744
2404,3746
2405,3747
2406,3750
2407,3753
2408,3755
2409,3757
2410,3758
2411,3758
2412,3761
2413,3763
2414,3763
2415,3763
2416,3765
2417,3766
2418,3770
2419,3772
2420,3773
2421,3776
2422,3776
2423,3780
2424,3782
2425,3783
2426,3785
2427,3788
2428,3788
2429,3788
2430,3789
2431,3791
2432,3792
2433,3794
2434,3794
2435,3794
2436,3797
2437,3797
2438,3801
2439,3801
2440,3802
2441,3805
2442,3807
2443,3809
2444,3809
2445,3810
2446,3813
2447,3816
2448,3818
2449,3820
2450,3820
2451,3820
2452,3823
2453,3827
2454,3829
2455,3830
2456,3832
2457,3833
2458,3836
2459,3836
2460,3837
2461,3840
2462,3843
2463,3845
2464,3847
2465,3848
2466,3848
2467,3851
2468,3853
2469,3855
2470,3856
2471,3859
2472,3861
2473,3861
2474,3862
2475,3862
2476,3863
2477,3865
2478,3866
2479,3866
2480,3866
2481,3869
2482,3872
2483,3872
2484,3872
2485,3872
2486,3874
2487,3876
2488,3878
2489,3878
2490,3879
2491,3882
2492,3884
2493,3886
2494,3888
2495,3889
2496,3891
2497,3894
2498,3894
2499,3894
2500,3894
2501,3896
2502,3897
2503,3898
2504,3898
2505,3899
2506,3901
2507,3903
2508,3905
2509,3907
2510,3907
2511,3910
2512,3910
2513,3913
2514,3913
2515,3913
2516,3913
2517,3916
2518,3916
2519,3916
2520,3917
2521,3919
2522,3922
2523,3922
2524,3922
2525,3923
2526,3926
2527,3929
2528,3929
2529,3929
2530,3930
2531,3932
2532,3933
2533,3936
2534,3936
2535,3937
2536,3940
2537,3943
2538,3945
2539,3947
2540,3948
2541,3950
2542,3951
2543,3953
2544,3953
2545,3954
2546,3957
2547,3960
2548,3960
2549,3960
2550,3961
2551,3964
2552,3967
2553,3967
2554,3967
2555,3967
2556,3969
2557,3970
2558,3972
2559,3972
2560,3973
2561,3976
2562,3979
2563,3981
2564,3981
2565,3981
2566,3983
2567,3986
2568,3986
2569,3988
2570,3989
2571,3992
2572,3992
2573,3992
2574,3994
2575,3994
2576,3996
2577,3997
2578,3997
2579,3999
2580,4000
2581,4002
2582,4003
2583,4006
2584,4008
2585,4008
2586,4008
2587,4011
2588,4011
2589,4011
2590,4012
2591,4015
2592,4017
2593,4017
2594,4017
2595,4018
2596,4021
2597,4024
2598,4024
2599,4024
2600,4025
2601,4028
2602,4031
2603,4031
2604,4031
2605,4032
2606,4034
2607,4037
2608,4037
2609,4037
2610,4038
2611,4041
2612,4043
2613,4045
2614,4045
2615,4045
2616,4047
2617,4048
2618,4050
2619,4050
2620,4051
2621,4053
2622,4056
2623,4056
2624,4056
2625,4057
2626,4059
2627,4061
2628,4065
2629,4065
2630,4066
2631,4069
2632,4071
2633,4071
2634,4073
2635,4074
2636,4077
2637,4079
2638,4081
2639,4081
2640,4082
2641,4085
2642,4088
2643,4092
2644,4092
2645,4093
2646,4096
2647,4098
2648,4100
2649,4102
2650,4103
2651,4106
2652,4106
2653,4109
2654,4109
2655,4109
2656,4112
2657,4112
2658,4115
2659,4115
2660,4115
2661,4118
2662,4121
2663,4125
2664,4125
2665,4125
2666,4125
2667,4128
2668,4128
2669,4128
2670,4129
2671,4131
2672,4134
2673,4136
2674,4138
2675,4139
2676,4141
2677,4142
2678,4142
2679,4143
2680,4144
2681,4146
2682,4149
2683,4151
2684,4153
2685,4154
2686,4154
2687,4157
2688,4159
2689,4161
2690,4162
2691,4165
2692,4168
2693,4172
2694,4172
2695,4173
2696,4175
2697,4178
2698,4182
2699,4184
2700,4185
2701,4188
2702,4190
2703,4192
2704,4194
2705,4195
2706,4198
2707,4201
2708,4201
2709,4201
2710,4202
2711,4205
2712,4205
2713,4207
2714,4209
2715,4210
2716,4213
2717,4216
2718,4218
2719,4218
2720,4219
2721,4222
2722,4225
2723,4227
2724,4227
2725,4228
2726,4231
2727,4234
2728,4238
2729,4238
2730,4238
2731,4241
2732,4244
2733,4248
2734,4248
2735,4249
2736,4251
2737,4253
2738,4255
2739,4257
2740,4258
2741,4261
2742,4264
2743,4266
2744,4268
2745,4269
2746,4271
2747,4274
2748,4274
2749,4276
2750,4277
2751,4277
2752,4277
2753,4279
2754,4281
2755,4281
2756,4281
2757,4284
2758,4286
2759,4288
2760,4289
2761,4292
2762,4294
2763,4298
2764,4298
2765,4299
2766,4302
2767,4305
2768,4305
2769,4305
2770,4306
2771,4308
2772,4311
2773,4313
2774,4315
2775,4316
2776,4319
2777,4322
2778,4326
2779,4326
2780,4327
2781,4329
2782,4331
2783,4332
2784,4334
2785,4334
2786,4335
2787,4337
2788,4339
2789,4341
2790,4342
2791,4345
2792,4347
2793,4349
2794,4349
2795,4350
2796,4352
2797,4353
2798,4355
2799,4357
2800,4358
2801,4361
2802,4364
2803,4366
2804,4368
2805,4369
2806,4372
2807,4375
2808,4377
2809,4377
2810,4378
2811,4381
2812,4383
2813,4384
2814,4386
2815,4387
2816,4390
2817,4393
2818,4393
2819,4393
2820,4393
2821,4395
2822,4396
2823,4398
2824,4398
2825,4398
2826,4401
2827,4404
2828,4404
2829,4406
2830,4407
2831,4410
2832,4412
2833,4412
2834,4412
2835,4413
2836,4415
2837,4418
2838,4418
2839,4418
2840,4419
2841,4422
2842,4425
2843,4427
2844,4427
2845,4428
2846,4431
2847,4434
2848,4436
2849,4436
2850,4437
2851,4437
2852,4440
2853,4442
2854,4442
2855,4443
2856,4445
2857,4446
2858,4449
2859,4449
2860,4449
2861,4450
2862,4452
2863,4454
2864,4456
2865,4457
2866,4460
2867,4463
2868,4467
2869,4467
2870,4468
2871,4470
2872,4471
2873,4474
2874,4474
2875,4475
2876,4478
2877,4481
2878,4481
2879,4481
2880,4482
2881,4485
2882,4488
2883,4488
2884,4490
2885,4491
2886,4494
2887,4494
2888,4497
2889,4497
2890,4497
2891,4500
2892,4503
2893,4503
2894,4505
2895,4506
2896,4509
2897,4511
2898,4511
2899,4511
2900,4512
2901,4515
2902,4517
2903,4517
2904,4518
2905,4518
2906,4519
2907,4521
2908,4522
2909,4522
2910,4522
2911,4524
2912,4527
2913,4527
2914,4527
2915,4528
2916,4531
2917,4534
2918,4536
2919,4538
2920,4539
2921,4542
2922,4544
2923,4544
2924,4546
2925,4547
2926,4550
2927,4553
2928,4555
2929,4557
2930,4558
2931,4561
2932,4561
2933,4563
2934,4563
2935,4564
2936,4567
2937,4570
2938,4570
2939,4572
2940,4573
2941,4575
2942,4578
2943,4580
2944,4580
2945,4581
2946,4584
2947,4587
2948,4589
2949,4589
2950,4590
2951,4592
2952,4594
2953,4594
2954,4594
2955,4595
2956,4598
2957,4601
2958,4605
2959,4605
2960,4606
2961,4609
2962,4612
2963,4616
2964,4616
2965,4617
2966,4620
2967,4623
2968,4623
2969,4623
2970,4624
2971,4627
2972,4629
2973,4631
2974,4633
2975,4633
2976,4633
2977,4634
2978,4634
2979,4636
2980,4637
2981,4639
2982,4642
2983,4642
2984,4642
2985,4643
2986,4645
2987,4648
2988,4652
2989,4652
2990,4653
2991,4656
2992,4656
2993,4656
2994,4658
2995,4658
2996,4661
2997,4663
2998,4663
2999,4665
3000,4666
3001,4669
3002,4672
3003,4672
3004,4672
3005,4672
3006,4674
3007,4676
3008,4677
3009,4677
3010,4678
3011,4681
3012,4684
3013,4686
3014,4688
3015,4689
3016,4692
3017,4694
3018,4696
3019,4696
3020,4697
3021,4700
3022,4700
3023,4702
3024,4704
3025,4705
3026,4707
3027,4709
3028,4711
3029,4711
3030,4712
3031,4715
3032,4715
3033,4717
3034,4719
3035,4720
3036,4723
3037,4726
3038,4728
3039,4730
3040,4731
3041,4734
3042,4737
3043,4739
3044,4741
3045,4742
3046,4744
3047,4745
3048,4747
3049,4747
3050,4748
3051,4751
3052,4754
3053,4756
3054,4756
3055,4756
3056,4758
3057,4759
3058,4762
3059,4762
3060,4762
3061,4763
3062,4765
3063,4765
3064,4765
3065,4766
3066,4769
3067,4771
3068,4771
3069,4771
3070,4772
3071,4774
3072,4775
3073,4777
3074,4779
3075,4780
3076,4783
3077,4785
3078,4787
3079,4789
3080,4790
3081,4792
3082,4795
3083,4795
3084,4796
3085,4797
3086,4799
3087,4802
3088,4802
3089,4803
3090,4804
3091,4807
3092,4809
3093,4809
3094,4811
3095,4811
3096,4814
3097,4814
3098,4814
3099,4815
3100,4816
3101,4816
3102,4819
3103,4819
3104,4821
3105,4822
3106,4824
3107,4826
3108,4828
3109,4828
3110,4828
3111,4830
3112,4832
3113,4833
3114,4833
3115,4834
3116,4837
3117,4837
3118,4839
3119,4841
3120,4841
3121,4844
3122,4847
3123,4851
3124,4851
3125,4852
3126,4855
3127,4858
3128,4858
3129,4860
3130,4861
3131,4864
3132,4866
3133,4870
3134,4870
3135,4871
3136,4874
3137,4877
3138,4877
3139,4877
3140,4878
3141,4881
3142,4884
3143,4886
3144,4886
3145,4887
3146,4890
3147,4893
3148,4897
3149,4897
3150,4897
3151,4897
3152,4900
3153,4902
3154,4904
3155,4905
3156,4908
3157,4908
3158,4911
3159,4911
3160,4911
3161,4913
3162,4916
3163,4918
3164,4920
3165,4921
3166,4923
3167,4926
3168,4926
3169,4928
3170,4929
3171,4932
3172,4935
3173,4937
3174,4939
3175,4940
3176,4942
3177,4945
3178,4945
3179,4947
3180,4948
3181,4951
3182,4954
3183,4956
3184,4958
3185,4959
3186,4962
3187,4964
3188,4964
3189,4966
3190,4967
3191,4970
3192,4973
3193,4977
3194,4979
3195,4980
3196,4983
3197,4986
3198,4986
3199,4986
3200,4987
3201,4990
3202,4992
3203,4992
3204,4992
3205,4992
3206,4994
3207,4997
3208,4999
3209,5001
3210,5002
3211,5005
3212,5007
3213,5009
3214,5009
3215,5010
3216,5012
3217,5013
3218,5016
3219,5016
3220,5017
3221,5019
3222,5020
3223,5022
3224,5022
3225,5022
3226,5024
3227,5026
3228,5026
3229,5026
3230,5027
3231,5029
3232,5032
3233,5036
3234,5038
3235,5039
3236,5041
3237,5042
3238,5044
3239,5044
3240,5045
3241,5048
3242,5051
3243,5055
3244,5055
3245,5056
3246,5059
3247,5061
3248,5063
3249,5065
3250,5065
3251,5067
3252,5070
3253,5070
3254,5070
3255,5070
3256,5073
3257,5073
3258,5076
3259,5076
3260,5076
3261,5079
3262,5082
3263,5086
3264,5086
3265,5086
3266,5086
3267,5089
3268,5089
3269,5089
3270,5090
3271,5092
3272,5095
3273,5097
3274,5097
3275,5098
3276,5101
3277,5104
3278,5104
3279,5104
3280,5105
3281,5107
3282,5109
3283,5111
3284,5111
3285,5112
3286,5115
3287,5118
3288,5118
3289,5118
3290,5119
3291,5121
3292,5122
3293,5124
3294,5126
3295,5127
3296,5130
3297,5133
3298,5137
3299,5137
3300,5137
3301,5139
3302,5142
3303,5146
3304,5146
3305,5147
3306,5150
3307,5152
3308,5154
3309,5154
3310,5155
3311,5158
3312,5160
3313,5160
3314,5160
3315,5161
3316,5164
3317,5166
3318,5166
3319,5166
3320,5167
3321,5169
3322,5172
3323,5176
3324,5178
3325,5178
3326,5178
3327,5178
3328,5178
3329,5179
3330,5180
3331,5182
3332,5185
3333,5185
3334,5186
3335,5187
3336,5190
3337,5193
3338,5197
3339,5197
3340,5197
3341,5197
3342,5200
3343,5204
3344,5206
3345,5207
3346,5210
3347,5212
3348,5213
3349,5215
3350,5215
3351,5217
3352,5220
3353,5222
3354,5224
3355,5225
3356,5228
3357,5228
3358,5228
3359,5228
3360,5228
3361,5231
3362,5231
3363,5234
3364,5234
3365,5235
3366,5238
3367,5240
3368,5244
3369,5246
3370,5247
3371,5250
3372,5250
3373,5252
3374,5252
3375,5253
3376,5255
3377,5258
3378,5258
3379,5260
3380,5261
3381,5261
3382,5264
3383,5266
3384,5266
3385,5267
3386,5270
3387,5273
3388,5273
3389,5275
3390,5276
3391,5279
3392,5281
3393,5281
3394,5281
3395,5282
3396,5284
3397,5286
3398,5288
3399,5288
3400,5289
3401,5291
3402,5294
3403,5294
3404,5296
3405,5297
3406,5300
3407,5303
3408,5305
3409,5305
3410,5306
3411,5309
3412,5311
3413,5313
3414,5315
3415,5316
3416,5318
3417,5321
3418,5323
3419,5323
3420,5323
3421,5323
3422,5326
3423,5328
3424,5328
3425,5329
3426,5332
3427,5334
3428,5334
3429,5336
3430,5337
3431,5340
3432,5343
3433,5343
3434,5343
3435,5343
3436,5345
3437,5348
3438,5350
3439,5350
3440,5351
3441,5353
3442,5354
3443,5356
3444,5356
3445,5356
3446,5358
3447,5360
3448,5362
3449,5364
3450,5365
3451,5368
3452,5370
3453,5374
3454,5374
3455,5374
3456,5374
3457,5377
3458,5381
3459,5381
3460,5381
3461,5384
3462,5387
3463,5387
3464,5387
3465,5387
3466,5389
3467,5391
3468,5393
3469,5393
3470,5394
3471,5397
3472,5399
3473,5400
3474,5401
3475,5401
3476,5404
3477,5407
3478,5409
3479,5409
3480,5410
3481,5413
3482,5416
3483,5416
3484,5416
3485,5417
3486,5420
3487,5420
3488,5421
3489,5421
3490,5421
3491,5424
3492,5424
3493,5426
3494,5426
3495,5427
3496,5430
3497,5430
3498,5433
3499,5433
3500,5434
3501,5437
3502,5439
3503,5439
3504,5441
3505,5441
3506,5444
3507,5446
3508,5450
3509,5450
3510,5451
3511,5451
3512,5454
3513,5455
3514,5456
3515,5457
3516,5460
3517,5462
3518,5466
3519,5466
3520,5466
3521,5466
3522,5469
3523,5469
3524,5470
3525,5471
3526,5473
3527,5474
3528,5477
3529,5477
3530,5477
3531,5479
3532,5481
3533,5481
3534,5481
3535,5482
3536,5485
3537,5488
3538,5488
3539,5488
3540,5489
3541,5492
3542,5495
3543,5497
3544,5499
3545,5500
3546,5502
3547,5505
3548,5509
3549,5509
3550,5510
3551,5512
3552,5515
3553,5515
3554,5517
3555,5518
3556,5521
3557,5524
3558,5524
3559,5524
3560,5525
3561,5527
3562,5530
3563,5530
3564,5531
3565,5531
3566,5533
3567,5536
3568,5536
3569,5536
3570,5537
3571,5540
3572,5542
3573,5544
3574,5544
3575,5544
3576,5546
3577,5548
3578,5550
3579,5550
3580,5551
3581,5554
3582,5554
3583,5555
3584,5557
3585,5558
3586,5560
3587,5562
3588,5562
3589,5562
3590,5563
3591,5566
3592,5568
3593,5570
3594,5572
3595,5573
3596,5575
3597,5576
3598,5578
3599,5578
3600,5579
3601,5582
3602,5582
3603,5585
3604,5585
3605,5585
3606,5587
3607,5587
3608,5587
3609,5589
3610,5590
3611,5593
3612,5596
3613,5596
3614,5596
3615,5597
3616,5600
3617,5603
3618,5605
3619,5607
3620,5608
3621,5611
3622,5613
3623,5613
3624,5613
3625,5614
3626,5617
3627,5620
3628,5620
3629,5620
3630,5620
3631,5621
3632,5623
3633,5624
3634,5626
3635,5626
3636,5627
3637,5629
3638,5630
3639,5630
3640,5631
3641,5634
3642,5634
3643,5636
3644,5636
3645,5637
3646,5639
3647,5642
3648,5644
3649,5644
3650,5644
3651,5646
3652,5648
3653,5652
3654,5654
3655,5655
3656,5658
3657,5660
3658,5660
3659,5660
3660,5661
3661,5664
3662,5664
3663,5666
3664,5666
3665,5667
3666,5669
3667,5672
3668,5676
3669,5676
3670,5677
3671,5680
3672,5680
3673,5682
3674,5682
3675,5683
3676,5685
3677,5688
3678,5690
3679,5690
3680,5691
3681,5693
3682,5695
3683,5695
3684,5695
3685,5696
3686,5697
3687,5699
3688,5700
3689,5700
3690,5701
3691,5704
3692,5707
3693,5707
3694,5709
3695,5710
3696,5713
3697,5716
3698,5716
3699,5716
3700,5717
3701,5718
3702,5720
3703,5722
3704,5722
3705,5723
3706,5726
3707,5728
3708,5728
3709,5730
3710,5731
3711,5734
3712,5737
3713,5737
3714,5739
3715,5740
3716,5743
3717,5745
3718,5749
3719,5749
3720,5749
3721,5749
3722,5752
3723,5752
3724,5754
3725,5754
3726,5756
3727,5758
3728,5762
3729,5762
3730,5763
3731,5766
3732,5768
3733,5770
3734,5770
3735,5771
3736,5774
3737,5776
3738,5778
3739,5778
3740,5779
3741,5781
3742,5783
3743,5783
3744,5783
3745,5784
3746,5787
3747,5790
3748,5794
3749,5794
3750,5794
3751,5796
3752,5799
3753,5799
3754,5799
3755,5799
3756,5801
3757,5804
3758,5806
3759,5806
3760,5806
3761,5808
3762,5810
3763,5812
3764,5812
3765,5813
3766,5816
3767,5818
3768,5819
3769,5821
3770,5822
3771,5825
3772,5827
3773,5829
3774,5831
3775,5832
3776,5835
3777,5838
3778,5842
3779,5842
3780,5842
3781,5842
3782,5845
3783,5845
3784,5845
3785,5846
3786,5849
3787,5852
3788,5852
3789,5852
3790,5852
3791,5854
3792,5855
3793,5858
3794,5858
3795,5859
3796,5862
3797,5865
3798,5867
3799,5869
3800,5870
3801,5873
3802,5876
3803,5878
3804,5880
3805,5881
3806,5883
3807,5886
3808,5886
3809,5888
3810,5889
3811,5891
3812,5894
3813,5896
3814,5896
3815,5897
3816,5899
3817,5900
3818,5902
3819,5904
3820,5905
3821,5908
3822,5910
3823,5910
3824,5910
3825,5911
3826,5914
3827,5917
3828,5917
3829,5919
3830,5920
3831,5923
3832,5925
3833,5927
3834,5927
3835,5928
3836,5930
3837,5931
3838,5933
3839,5933
3840,5934
3841,5935
3842,5937
3843,5939
3844,5939
3845,5940
3846,5943
3847,5946
3848,5946
3849,5946
3850,5947
3851,5950
3852,5953
3853,5953
3854,5953
3855,5954
3856,5956
3857,5958
3858,5962
3859,5964
3860,5965
3861,5968
3862,5971
3863,5971
3864,5971
3865,5972
3866,5975
3867,5977
3868,5979
3869,5979
3870,5980
3871,5983
3872,5985
3873,5989
3874,5989
3875,5990
3876,5992
3877,5993
3878,5995
3879,5995
3880,5996
3881,5999
3882,6001
3883,6003
3884,6005
3885,6006
3886,6009
3887,6012
3888,6012
3889,6012
3890,6012
3891,6015
3892,6015
3893,6015
3894,6016
3895,6017
3896,6020
3897,6020
3898,6023
3899,6025
3900,6025
3901,6025
3902,6027
3903,6029
3904,6031
3905,6032
3906,6034
3907,6036
3908,6038
3909,6038
3910,6038
3911,6040
3912,6043
3913,6043
3914,6045
3915,6046
3916,6049
3917,6051
3918,6051
3919,6051
3920,6051
3921,6053
3922,6054
3923,6058
3924,6058
3925,6059
3926,6062
3927,6065
3928,6067
3929,6067
3930,6068
3931,6071
3932,6074
3933,6076
3934,6076
3935,6077
3936,6080
3937,6083
3938,6085
3939,6085
3940,6086
3941,6089
3942,6092
3943,6094
3944,6096
3945,6097
3946,6097
3947,6100
3948,6100
3949,6100
3950,6101
3951,6104
3952,6106
3953,6110
3954,6110
3955,6110
3956,6110
3957,6113
3958,6113
3959,6113
3960,6114
3961,6117
3962,6119
3963,6121
3964,6121
3965,6122
3966,6125
3967,6128
3968,6128
3969,6130
3970,6131
3971,6134
3972,6136
3973,6136
3974,6136
3975,6136
3976,6138
3977,6140
3978,6142
3979,6142
3980,6143
3981,6145
3982,6147
3983,6147
3984,6149
3985,6150
3986,6153
3987,6156
3988,6156
3989,6156
3990,6157
3991,6160
3992,6162
3993,6164
3994,6164
3995,6165
3996,6167
3997,6170
3998,6170
3999,6172
4000,6173
4001,6176
4002,6179
4003,6183
4004,6185
4005,6185
4006,6185
4007,6185
4008,6188
4009,6190
4010,6191
4011,6194
4012,6197
4013,6199
4014,6201
4015,6202
4016,6205
4017,6207
4018,6209
4019,6209
4020,6210
4021,6212
4022,6214
4023,6215
4024,6215
4025,6215
4026,6217
4027,6220
4028,6220
4029,6220
4030,6221
4031,6223
4032,6226
4033,6230
4034,6230
4035,6231
4036,6233
4037,6236
4038,6236
4039,6236
4040,6237
4041,6240
4042,6243
4043,6243
4044,6243
4045,6244
4046,6247
4047,6247
4048,6250
4049,6252
4050,6253
4051,6256
4052,6258
4053,6259
4054,6261
4055,6262
4056,6265
4057,6268
4058,6272
4059,6274
4060,6275
4061,6278
4062,6280
4063,6282
4064,6282
4065,6283
4066,6286
4067,6288
4068,6288
4069,6288
4070,6289
4071,6292
4072,6294
4073,6294
4074,6294
4075,6295
4076,6298
4077,6300
4078,6302
4079,6302
4080,6303
4081,6306
4082,6309
4083,6311
4084,6313
4085,6314
4086,6317
4087,6319
4088,6323
4089,6323
4090,6324
4091,6326
4092,6329
4093,6329
4094,6329
4095,6329
4096,6332
4097,6334
4098,6336
4099,6336
4100,6337
4101,6339
4102,6340
4103,6343
4104,6345
4105,6346
4106,6348
4107,6349
4108,6351
4109,6353
4110,6354
4111,6357
4112,6360
4113,6364
4114,6366
4115,6367
4116,6370
4117,6373
4118,6375
4119,6377
4120,6378
4121,6378
4122,6381
4123,6383
4124,6383
4125,6383
4126,6385
4127,6386
4128,6390
4129,6392
4130,6393
4131,6396
4132,6396
4133,6400
4134,6402
4135,6403
4136,6405
4137,6408
4138,6408
4139,6408
4140,6409
4141,6411
4142,6412
4143,6414
4144,6414
4145,6414
4146,6417
4147,6417
4148,6421
4149,6421
4150,6422
4151,6425
4152,6427
4153,6429
4154,6429
4155,6430
4156,6433
4157,6436
4158,6438
4159,6440
4160,6440
4161,6440
4162,6443
4163,6447
4164,6449
4165,6450
4166,6452
4167,6453
4168,6456
4169,6456
4170,6457
4171,6460
4172,6463
4173,6465
4174,6467
4175,6468
4176,6468
4177,6471
4178,6473
4179,6475
4180,6476
4181,6479
4182,6481
4183,6481
4184,6482
4185,6482
4186,6483
4187,6485
4188,6486
4189,6486
4190,6486
4191,6489
4192,6492
4193,6492
4194,6492
4195,6492
4196,6494
4197,6496
4198,6498
4199,6498
4200,6499
4201,6502
4202,6504
4203,6506
4204,6508
4205,6509
4206,6511
4207,6514
4208,6514
4209,6514
4210,6514
4211,6516
4212,6517
4213,6518
4214,6518
4215,6519
4216,6521
4217,6523
4218,6525
4219,6527
4220,6527
4221,6530
4222,6530
4223,6533
4224,6533
4225,6533
4226,6533
4227,6536
4228,6536
4229,6536
4230,6537
4231,6539
4232,6542
4233,6542
4234,6542
4235,6543
4236,6546
4237,6549
4238,6549
4239,6549
4240,6550
4241,6552
4242,6553
4243,6556
4244,6556
4245,6557
4246,6560
4247,6563
4248,6565
4249,6567
4250,6568
4251,6570
4252,6571
4253,6573
4254,6573
4255,6574
4256,6577
4257,6580
4258,6580
4259,6580
4260,6581
4261,6584
4262,6587
4263,6587
4264,6587
4265,6587
4266,6589
4267,6590
4268,6592
4269,6592
4270,6593
4271,6596
4272,6599
4273,6601
4274,6601
4275,6601
4276,6603
4277,6606
4278,6606
4279,6608
4280,6609
4281,6612
4282,6612
4283,6612
4284,6614
4285,6614
4286,6616
4287,6617
4288,6617
4289,6619
4290,6620
4291,6622
4292,6623
4293,6626
4294,6628
4295,6628
4296,6628
4297,6631
4298,6631
4299,6631
4300,6632
4301,6635
4302,6637
4303,6637
4304,6637
4305,6638
4306,6641
4307,6644
4308,6644
4309,6644
4310,6645
4311,6648
4312,6651
4313,6651
4314,6651
4315,6652
4316,6654
4317,6657
4318,6657
4319,6657
4320,6658
4321,6661
4322,6663
4323,6665
4324,6665
4325,6665
4326,6667
4327,6668
4328,6670
4329,6670
4330,6671
4331,6673
4332,6676
4333,6676
4334,6676
4335,6677
4336,6679
4337,6681
4338,6685
4339,6685
4340,6686
4341,6689
4342,6691
4343,6691
4344,6693
4345,6694
4346,6697
4347,6699
4348,6701
4349,6701
4350,6702
4351,6705
4352,6708
4353,6712
4354,6712
4355,6713
4356,6716
4357,6718
4358,6720
4359,6722
4360,6723
4361,6726
4362,6726
4363,6729
4364,6729
4365,6729
4366,6732
4367,6732
4368,6735
4369,6735
4370,6735
4371,6738
4372,6741
4373,6745
4374,6745
4375,6745
4376,6745
4377,6748
4378,6748
4379,6748
4380,6749
4381,6751
4382,6754
4383,6756
4384,6758
4385,6759
4386,6761
4387,6762
4388,6762
4389,6763
4390,6764
4391,6766
4392,6769
4393,6771
4394,6773
4395,6774
4396,6774
4397,6777
4398,6779
4399,6781
4400,6782
4401,6785
4402,6788
4403,6792
4404,6792
4405,6793
4406,6795
4407,6798
4408,6802
4409,6804
4410,6805
4411,6808
4412,6810
4413,6812
4414,6814
4415,6815
4416,6818
4417,6821
4418,6821
4419,6821
4420,6822
4421,6825
4422,6825
4423,6827
4424,6829
4425,6830
4426,6833
4427,6836
4428,6838
4429,6838
4430,6839
4431,6842
4432,6845
4433,6847
4434,6847
4435,6848
4436,6851
4437,6854
4438,6858
4439,6858
4440,6858
4441,6861
4442,6864
4443,6868
4444,6868
4445,6869
4446,6871
4447,6873
4448,6875
4449,6877
4450,6878
4451,6881
4452,6884
4453,6886
4454,6888
4455,6889
4456,6891
4457,6894
4458,6894
4459,6896
4460,6897
4461,6897
4462,6897
4463,6899
4464,6901
4465,6901
4466,6901
4467,6904
4468,6906
4469,6908
4470,6909
4471,6912
4472,6914
4473,6918
4474,6918
4475,6919
4476,6922
4477,6925
4478,6925
4479,6925
4480,6926
4481,6928
4482,6931
4483,6933
4484,6935
4485,6936
4486,6939
4487,6942
4488,6946
4489,6946
4490,6947
4491,6949
4492,6951
4493,6952
4494,6954
4495,6954
4496,6955
4497,6957
4498,6959
4499,6961
4500,6962
4501,6965
4502,6967
4503,6969
4504,6969
4505,6970
4506,6972
4507,6973
4508,6975
4509,6977
4510,6978
4511,6981
4512,6984
4513,6986
4514,6988
4515,6989
4516,6992
4517,6995
4518,6997
4519,6997
4520,6998
4521,7001
4522,7003
4523,7004
4524,7006
4525,7007
4526,7010
4527,7013
4528,7013
4529,7013
4530,7013
4531,7015
4532,7016
4533,7018
4534,7018
4535,7018
4536,7021
4537,7024
4538,7024
4539,7026
4540,7027
4541,7030
4542,7032
4543,7032
4544,7032
4545,7033
4546,7035
4547,7038
4548,7038
4549,7038
4550,7039
4551,7042
4552,7045
4553,7047
4554,7047
4555,7048
4556,7051
4557,7054
4558,7056
4559,7056
4560,7057
4561,7057
4562,7060
4563,7062
4564,7062
4565,7063
4566,7065
4567,7066
4568,7069
4569,7069
4570,7069
4571,7070
4572,7072
4573,7074
4574,7076
4575,7077
4576,7080
4577,7083
4578,7087
4579,7087
4580,7088
4581,7090
4582,7091
4583,7094
4584,7094
4585,7095
4586,7098
4587,7101
4588,7101
4589,7101
4590,7102
4591,7105
4592,7108
4593,7108
4594,7110
4595,7111
4596,7114
4597,7114
4598,7117
4599,7117
4600,7117
4601,7120
4602,7123
4603,7123
4604,7125
4605,7126
4606,7129
4607,7131
4608,7131
4609,7131
4610,7132
4611,7135
4612,7137
4613,7137
4614,7138
4615,7138
4616,7139
4617,7141
4618,7142
4619,7142
4620,7142
4621,7144
4622,7147
4623,7147
4624,7147
4625,7148
4626,7151
4627,7154
4628,7156
4629,7158
4630,7159
4631,7162
4632,7164
4633,7164
4634,7166
4635,7167
4636,7170
4637,7173
4638,7175
4639,7177
4640,7178
4641,7181
4642,7181
4643,7183
4644,7183
4645,7184
4646,7187
4647,7190
4648,7190
4649,7192
4650,7193
4651,7195
4652,7198
4653,7200
4654,7200
4655,7201
4656,7204
4657,7207
4658,7209
4659,7209
4660,7210
4661,7212
4662,7214
4663,7214
4664,7214
4665,7215
4666,7218
4667,7221
4668,7225
4669,7225
4670,7226
4671,7229
4672,7232
4673,7236
4674,7236
4675,7237
4676,7240
4677,7243
4678,7243
4679,7243
4680,7244
4681,7247
4682,7249
4683,7251
4684,7253
4685,7253
4686,7253
4687,7254
4688,7254
4689,7256
4690,7257
4691,7259
4692,7262
4693,7262
4694,7262
4695,7263
4696,7265
4697,7268
4698,7272
4699,7272
4700,7273
4701,7276
4702,7276
4703,7276
4704,7278
4705,7278
4706,7281
4707,7283
4708,7283
4709,7285
4710,7286
4711,7289
4712,7292
4713,7292
4714,7292
4715,7292
4716,7294
4717,7296
4718,7297
4719,7297
4720,7298
4721,7301
4722,7304
4723,7306
4724,7308
4725,7309
4726,7312
4727,7314
4728,7316
4729,7316
4730,7317
4731,7320
4732,7320
4733,7322
4734,7324
4735,7325
4736,7327
4737,7329
4738,7331
4739,7331
4740,7332
4741,7335
4742,7335
4743,7337
4744,7339
4745,7340
4746,7343
4747,7346
4748,7348
4749,7350
4750,7351
4751,7354
4752,7357
4753,7359
4754,7361
4755,7362
4756,7364
4757,7365
4758,7367
4759,7367
4760,7368
4761,7371
4762,7374
4763,7376
4764,7376
4765,7376
4766,7378
4767,7379
4768,7382
4769,7382
4770,7382
4771,7383
4772,7385
4773,7385
4774,7385
4775,7386
4776,7389
4777,7391
4778,7391
4779,7391
4780,7392
4781,7394
4782,7395
4783,7397
4784,7399
4785,7400
4786,7403
4787,7405
4788,7407
4789,7409
4790,7410
4791,7412
4792,7415
4793,7415
4794,7416
4795,7417
4796,7419
4797,7422
4798,7422
4799,7423
4800,7424
4801,7427
4802,7429
4803,7429
4804,7431
4805,7431
4806,7434
4807,7434
4808,7434
4809,7435
4810,7436
4811,7436
4812,7439
4813,7439
4814,7441
4815,7442
4816,7444
4817,7446
4818,7448
4819,7448
4820,7448
4821,7450
4822,7452
4823,7453
4824,7453
4825,7454
4826,7457
4827,7457
4828,7459
4829,7461
4830,7461
4831,7464
4832,7467
4833,7471
4834,7471
4835,7472
4836,7475
4837,7478
4838,7478
4839,7480
4840,7481
4841,7484
4842,7486
4843,7490
4844,7490
4845,7491
4846,7494
4847,7497
4848,7497
4849,7497
4850,7498
4851,7501
4852,7504
4853,7506
4854,7506
4855,7507
4856,7510
4857,7513
4858,7517
4859,7517
4860,7517
4861,7517
4862,7520
4863,7522
4864,7524
4865,7525
4866,7528
4867,7528
4868,7531
4869,7531
4870,7531
4871,7533
4872,7536
4873,7538
4874,7540
4875,7541
4876,7543
4877,7546
4878,7546
4879,7548
4880,7549
4881,7552
4882,7555
4883,7557
4884,7559
4885,7560
4886,7562
4887,7565
4888,7565
4889,7567
4890,7568
4891,7571
4892,7574
4893,7576
4894,7578
4895,7579
4896,7582
4897,7584
4898,7584
4899,7586
4900,7587
4901,7590
4902,7593
4903,7597
4904,7599
4905,7600
4906,7603
4907,7606
4908,7606
4909,7606
4910,7607
4911,7610
4912,7612
4913,7612
4914,7612
4915,7612
4916,7614
4917,7617
4918,7619
4919,7621
4920,7622
4921,7625
4922,7627
4923,7629
4924,7629
4925,7630
4926,7632
4927,7633
4928,7636
4929,7636
4930,7637
4931,7639
4932,7640
4933,7642
4934,7642
4935,7642
4936,7644
4937,7646
4938,7646
4939,7646
4940,7647
4941,7649
4942,7652
4943,7656
4944,7658
4945,7659
4946,7661
4947,7662
4948,7664
4949,7664
4950,7665
4951,7668
4952,7671
4953,7675
4954,7675
4955,7676
4956,7679
4957,7681
4958,7683
4959,7685
4960,7685
4961,7687
4962,7690
4963,7690
4964,7690
4965,7690
4966,7693
4967,7693
4968,7696
4969,7696
4970,7696
4971,7699
4972,7702
4973,7706
4974,7706
4975,7706
4976,7706
4977,7709
4978,7709
4979,7709
4980,7710
4981,7712
4982,7715
4983,7717
4984,7717
4985,7718
4986,7721
4987,7724
4988,7724
4989,7724
4990,7725
4991,7727
4992,7729
4993,7731
4994,7731
4995,7732
4996,7735
4997,7738
4998,7738
4999,7738
